<?xml version="1.0"?>
<opencv_storage>
<camera_matrix type_id="opencv-matrix">
  <rows>3</rows>
  <cols>3</cols>
  <dt>d</dt>
  <data>
    1.1621932440153955e+03 0. 7.4169001624994007e+02 0.
    1.1620948803221875e+03 5.8972835105279671e+02 0. 0. 1.</data></camera_matrix>
<distortion_coefficients type_id="opencv-matrix">
  <rows>1</rows>
  <cols>5</cols>
  <dt>d</dt>
  <data>
    -2.4790741484661613e-01 1.4468796112121932e-01
    7.4892139320039753e-04 -4.2999873390928129e-04
    -7.1407599796964677e-02</data></distortion_coefficients>
</opencv_storage>
