camera_matrix:
- - 1162.1932440153955
  - 0.0
  - 741.6900162499401
- - 0.0
  - 1162.0948803221875
  - 589.7283510527967
- - 0.0
  - 0.0
  - 1.0
distortion_coefficients:
- - -0.24790741484661613
  - 0.14468796112121932
  - 0.0007489213932003975
  - -0.0004299987339092813
  - -0.07140759979696468
